S0: 0, 1,
S1: 2, 4,
S2: 5, 6, 7, 8,
S3: 9, 10,
S4: 11,
S5: 12,
S6: 14, 15, 16, 17, 18, 19, 20, 21, 22, 23,
S7: 24, 26,
S8: 30, 31, 32, 33, 34, 35, 36, 37, 38, 39, 40,
S9:
S10: 43, 44, 45, 46, 47, 48, 49, 50, 51, 52, 53, 54, 55, 56, 59, 60, 61, 62, 63, 64,
S11: 67, 68, 69,
S12: 70, 71, 72, 73, 74, 75, 76, 77,
S13: 79,
S14: 80, 81,
S15: 82, 83, 84, 86, 86, 87, 88,
S16: 89, 92, 93,
S17: 94, 95, 96, 97, 98,
S18: 99, 100, 101, 102, 103, 104, 105, 106, 107, 108, 109, 110, 111, 112, 113, 114, 117, 118, 119, 120, 121, 122,
S19: 123, 124,
S20: 127, 128, 131, 136, 140, 141, 146, 148, 149, 150,
S21: 153, 154, 155, 156, 157,
S22: 158, 159, 160, 161, 162, 163, 164, 165,
S23: 167, 168, 169, 170, 171,
S24: 172,
S25: 173,