S0: 0, 1, 2, 3, 4,
S1: 5, 6, 7,
S2: 17, 18, 19,
S3: 19, 20,
S4: 21, 22, 23, 24, 25, 26, 27, 28, 38, 30, 31, 32, 33, 34, 35, 36, 37, 38, 39,
S5: 39, 40, 43, 44, 45, 46, 47, 49,
S6: 50, 52,
S7:
S8:
S9: 53, 54, 55, 56, 57, 58, 59,
S10: 60, 61, 62,
S11: 63, 64, 65, 66, 69, 70, 71, 72,
S12:
S13: 73, 74, 75, 76, 77, 78,
S14:
S15: 79, 80, 81, 82, 83, 84, 85, 86, 87,
S16: 88, 89, 90, 91, 92, 93, 94, 95, 97, 98, 99, 100, 101,
S17: 102, 104, 107,
S18: 110,
S19: 111, 112, 113, 114, 115, 116, 117, 118, 119, 120, 121, 122, 123, 124, 125, 126, 127, 128, 129, 130, 131,
S20: 135, 136,
S21: 136, 137, 138, 139,
S22: 140, 141, 142, 143, 144,
S23: 145, 146, 147, 148, 149, 150,
S24: 151, 152,