S0: 0, 1,
S1: 2,
S2: 2, 3,
S3: 5, 9,
S4: 5,
S5: 8,
S6: 18, 19, 20,
S7: 20, 21, 22, 23, 24, 25,
S8: 26, 28, 29, 30, 31, 32, 33,
S9: 43,
S10: 44,
S11: 52,
S12: 58,
S13: 60, 61, 62, 64, 65, 66, 67,
S14: 72, 73, 74, 75,
S15: 79, 80, 81, 82, 83, 84, 85, 86,
S16: 90, 91, 92, 93, 94,
S17: 95, 96, 97,
S18: 98,
S19: 99,
S20: 99,
S21: 102, 104,
S22: 104, 105, 107, 108, 109, 110, 111, 112, 116, 118,
S23: 120, 121,
S24: 120, 121,
S25: 119, 120, 121, 122,
S26: 125, 126, 127, 128, 129,
S27: 130, 131, 132, 133,
S28: 134,
S29: 135, 136, 137, 138, 139,
S30:
S31: 141, 142,
S32: 143, 145, 148,
S33: 148, 150,
S34: 152,