S0: 0, 1, 2, 4,
S1: 3,
S2: 5, 6, 7, 8, 9, 10, 11,
S3: 12,
S4: 13, 14, 15, 16, 17, 18, 19, 20, 21, 22, 23, 24, 25, 26,
S5: 27,
S6: 28, 29, 32, 33,
S7: 37, 38,
S8: 40, 41, 42,
S9: 43,
S10:
S11: 46, 47, 48, 49, 50, 51, 52, 53, 54,
S12: 55, 56,
S13: 58,
S14: 60, 61, 62, 63, 67, 68, 71, 72, 73,
S15:
S16: 74, 76,
S17:
S18: 77, 78, 79,
S19: 81, 82, 83, 87,
S20:
S21: 89, 90, 102,
S22: 92, 93, 94, 95, 96, 97, 98, 99, 100, 101, 102,
S23: 104, 105, 117, 118, 120, 121, 122, 123,
S24: 140,
S25: 142,
S26: 143, 146,
S27: 147, 148, 149, 154,
S28: 155, 156,
S29: 157, 158, 159, 160, 161, 162, 163,
S30: 164, 165,