S0: 2,
S1: 1, 4, 5,
S2: 6, 16, 17, 20, 27, 28, 30, 31, 32,
S3: 33, 34, 35, 36, 38, 39, 40,
S4: 42, 43,
S5: 44, 45, 48, 49, 52, 53,
S6: 59,
S7: 60, 61, 62,
S8: 63,
S9: 66, 68,
S10: 68, 69, 70, 71, 76,
S11: 79,
S12: 80, 81, 82, 83,
S13: 85, 86, 87,
S14: 88, 89,
S15: 90, 91, 92, 94, 95, 97,
S16: 104, 105, 106,
S17: 108, 109,
S18: 110,
S19: 112, 113, 114, 115, 116, 117, 118, 120, 121, 122, 123, 124, 125, 126, 127, 129, 130, 131, 132,
S20: 133,
S21: 134,
S22: 135, 136,
S23: 137, 138, 139, 143, 144,
S24: 145, 146, 147, 148,
S25: 149, 150, 151,