S0: 1,
S1: 1, 3, 4, 5, 6, 8, 10, 11, 13, 14, 15, 16, 18, 19, 20, 21,
S2: 24, 25, 26, 28, 29, 30, 31, 33, 35, 36, 37, 38, 39, 40, 41,
S3: 42, 43, 44, 45, 48, 50, 51, 52, 53, 54, 56, 60, 61, 62, 63, 64, 65, 67, 68, 69, 70, 81,
S4: 83, 86, 87, 88, 89, 91, 92, 93, 94, 95,
S5: 96, 97, 98,
S6: 99, 105, 106, 111, 112, 113, 115, 116, 117, 118, 119, 120, 121, 122,
S7: 124, 127, 128, 129, 130, 131, 132, 133, 135, 136, 137, 138, 139,
S8: 140, 141, 142, 144, 145, 146, 147, 148, 152, 153, 154,
S9: 159, 160, 162, 163, 164,
S10: 164, 166, 170, 171, 172, 173,
S11: 174, 175, 176, 177, 178, 183, 184, 185, 186, 187, 188, 189, 190, 191,
S12: 192, 193, 194, 195, 196, 197, 198, 199, 200, 201, 202, 203, 204, 205,
S13: 208, 209, 210, 211,
S14: 215,
S15: 215,