S0: 1, 2, 3, 5, 6, 7, 8, 9,
S1: 10,
S2: 11, 12, 13, 14, 16, 18,
S3: 19, 20, 21,
S4: 22,
S5: 25, 26, 27, 28, 29, 31, 32,
S6: 33, 34, 35, 36, 37,
S7: 38, 40, 41, 42, 43,
S8: 45, 46, 47, 48, 49, 50, 51, 52, 53,
S9: 54, 55,
S10: 56, 57, 59,
S11: 62,
S12: 63, 64, 65, 66,
S13: 67, 68, 69,
S14: 70, 71, 72, 76, 77, 78, 79, 80, 81,
S15: 82, 83, 84, 85, 86, 88, 90, 92,
S16: 95, 96, 97, 98, 99, 100, 101, 102, 103, 104, 105, 106, 107, 108,
S17: 109, 110, 116,
S18: 111, 112, 113, 114, 115, 117, 118, 119, 120, 125,
S19: 125, 126, 129, 130, 131, 132, 133, 134, 135, 137, 138,
S20: 143,