S0: 1, 4, 6,
S1: 10, 11, 12,
S2: 7, 9,
S3:
S4:
S5: 31,
S6: 34, 38, 39, 40, 41, 42, 43, 44, 47,
S7: 65, 66, 73, 75, 76, 77, 78,
S8: 67, 69,
S9:
S10:
S11: 89,
S12: 91, 92, 111,
S13:
S14: 97, 119, 120, 122, 123, 124, 129, 130, 131, 132, 133, 134, 135, 136, 137, 138, 139, 140, 141,
S15: 144, 145, 146, 147, 148, 149, 150, 151, 152, 153, 154,
S16: 157, 159,
S17: 160, 161, 162, 163, 164, 166,
S18: 168,
S19: 168, 170, 171, 173, 174,
S20: 174,
S21: 176, 177,
S22: 179, 180, 181,
S23: 182,
S24: 183, 184, 185, 186,
S25: 188, 189,
S26: 190, 194, 196,
S27: 194, 197, 201,
S28: 202, 203, 204,
S29: 212, 213, 217, 218, 219, 220, 222,
S30: 223, 224, 225, 226, 228, 229, 230, 231, 232, 233, 234, 236, 237, 238, 239, 240, 241, 242, 243, 244, 245, 246,
S31: 248, 249,
S32: 249,
S33:
S34: 257, 258, 260, 262,
S35: 264, 268,
S36: 273, 274,
S37: 275, 276, 277, 278,
S38: 279, 281, 282, 283, 284, 285,
S39: 280,
S40:
S41: 290, 291, 295, 298, 299, 300, 301, 302,
S42: 305, 306, 307,
S43: 309, 313,
S44: 314,
S45: 315, 316, 318, 319, 320, 321, 322, 323, 324, 325, 326,
S46: 327, 328, 330, 331, 332, 333, 334, 335,
S47: 337, 338, 339,
S48: 339, 340, 341, 343, 344, 345,
S49: 342, 346, 361, 362, 363, 364,
S50: 366, 367,
S51: 368, 374, 375, 376,
S52:
S53: 378, 379, 380, 381, 382, 383, 384, 396, 397, 398, 399,
S54: 401, 402, 404, 405, 406, 407,
S55: 403, 409, 410, 411,
S56: 412,
S57: 413,
S58: 413, 414,
S59: 416, 417, 418, 419,
S60: 437, 449, 450, 451, 453, 454, 455, 456, 457, 458, 459, 460, 461,
S61: 468, 470, 471, 472,
S62: 484, 485, 486, 488, 489, 490, 491, 492, 493, 494, 495, 501, 503,
S63: 515,
S64: 517, 518,
S65: 519, 520, 521, 522, 523, 524, 525, 528, 529, 530, 537, 538, 539,
S66: 544, 545,
S67: 546,
S68: 557, 558, 559,
S69: 560, 561,
S70: 563, 564, 566,
S71: 567, 568, 570,
S72: 571, 574, 576, 577, 578,
S73: