S0: 1, 5,
S1:
S2: 9, 10, 13, 14, 15, 17, 18, 20, 21, 22,
S3: 27, 44, 45,
S4: 47, 48, 50,
S5: 56,
S6: 56,
S7: 62,
S8: 67,
S9: 68, 73, 75,
S10: 85, 86, 92,
S11: 92, 93,
S12: 94, 95, 97, 98, 99,
S13: 100, 102, 103, 104, 105, 106, 107, 108, 109, 110, 111, 112,
S14: 117, 118,
S15: 124, 125,
S16: 128,
S17: 130, 131, 132, 133, 134,
S18: 135, 136,
S19: 137,
S20: 139, 140, 141,
S21: 142, 143, 144, 145, 146,
S22: 147, 148, 149, 150, 151,
S23: 153, 154, 155, 156, 157, 159, 160, 164, 165, 166,
S24: 167, 168, 170, 179, 180, 181, 182, 184, 185, 186,
S25: 189, 190,
S26: 193,
S27: 198, 199, 200, 202, 203, 204,
S28: 204,
S29: 205,
S30: 215, 216, 217,
S31: 218,
S32: 220, 221, 222, 223, 224, 225, 226, 227, 228, 229, 230, 231, 232, 233, 234, 235,
S33: 257, 258, 259,
S34: 259, 260,
S35: 262,
S36: 270, 270, 273,
S37: 282, 283, 284,
S38: 286, 287,
S39: 288, 290, 293, 294, 295, 297, 298, 299, 300, 302, 303, 304, 305, 307, 308, 309, 313, 314, 315, 316, 317,
S40: 321, 322, 323, 324, 325, 326, 327, 328,
S41: 329, 334,
S42: 337, 338, 339, 340, 341,
S43: