S0: 4, 5, 6,
S1: 7, 8,
S2: 11, 12,
S3: 16, 22, 23,
S4: 26, 27, 28, 29, 30, 31, 37, 38, 39, 51, 53,
S5: 55, 56, 57, 58, 59, 60, 61, 65, 66,
S6: 69, 72, 73, 74, 75, 76, 77,
S7: 87, 89, 90,
S8: 92, 93, 94, 95, 97, 98, 110,
S9: 111,
S10: 112, 113,
S11: 117, 118, 119, 122,
S12: 123, 124, 125, 126, 127, 129, 130, 131, 132,
S13: 133, 134, 135, 136, 137, 138,
S14: 140, 141, 142, 143,
S15:
S16: 150, 152, 157, 158, 159, 160,
S17: 169, 170, 171, 172,
S18: 173, 174,
S19: 181, 182, 183, 185,
S20: 203, 204, 205, 206, 207, 208, 209, 210, 212,
S21: 222, 223, 224,
S22: 229, 231, 232,
S23: 241,
S24: 243,
S25: 244, 245, 246, 247, 248,
S26: 250, 253, 254, 255, 256, 257,
S27: 259, 260,
S28: 263, 265, 266,
S29: 267, 268,
S30: 275, 277, 279,
S31: 280, 281, 282, 283,
S32: 285,
S33: 291, 292, 295,
S34: 286, 288, 290, 296, 297, 298, 299, 300, 301,
S35: 303,
S36: 304,
S37: 304,
S38:
S39: 313,
S40: 313,
S41: 315, 316,
S42: 318, 319, 320, 321, 323, 324, 325,
S43: 327, 328, 329,
S44:
S45: 342, 344, 345, 346, 347, 348,
S46: 349, 350, 351, 352, 363, 364, 365, 366,
S47: 378,
S48: 380, 381, 382, 383, 388, 389,
S49: 391, 392, 396,
S50:
S51: 397, 398,
S52: 399, 405,
S53: 406, 407, 408, 409, 410,
S54: 411, 412, 414,
S55: 419, 420, 421,
S56: 423,
S57: 429, 430, 431, 434,
S58: 438, 439, 440,
S59: 440,
S60: 444, 446,
S61: 448, 449,
S62: 449,
S63: 449,
S64: 450, 451,
S65:
S66: 452, 453, 455,
S67: 456, 457,
S68: 471, 472, 474, 475, 477, 478, 479, 480, 481, 482, 483, 489, 490, 495, 496,
S69: 507, 508, 509, 510,
S70: 512,
S71: 517, 518, 519, 520, 521, 522, 523, 524,
S72: 534,
S73: 534,
S74: 535, 536, 537,
S75: 544, 545, 575, 576, 577,
S76: 577, 578, 579, 580, 581, 582, 584, 585, 586, 587, 588, 589, 590,
S77: 594, 595, 596, 597,
S78:
S79:
S80:
S81: 599,
S82: 600, 601,
S83:
S84: 605, 606,
S85: 607, 608, 609, 610, 611, 614, 615, 616, 617, 618, 619, 620,
S86: 624,
S87: 625,
S88: 625,
S89:
S90: