S0: 1, 14,
S1: 15, 16, 17, 18, 19,
S2: 19, 27,
S3: 49, 50, 51, 52, 53, 58, 59, 63, 64, 65, 66, 67, 68, 69, 70, 71, 72, 73,
S4: 73, 75, 76, 77, 78, 80,
S5: 82, 83,
S6: 88, 89, 90,
S7: 96, 97,
S8: 149, 150, 151, 152,
S9:
S10:
S11: 177,
S12:
S13: 194, 195, 196, 197,
S14: 225, 226, 227, 228,
S15: 272,
S16: 274,
S17: 275,
S18: 276,
S19: 287, 294, 295, 296, 300, 301, 302, 304, 305, 306, 307, 308, 309, 310, 311, 312,
S20: 306, 313,
S21: 314, 315, 316, 317, 318, 319, 320, 321, 320, 332, 333,
S22: 335, 336, 337,
S23: 350,
S24: 351, 352, 353, 354, 355, 356, 360, 361, 362, 365, 366,
S25:
S26: 368, 369,
S27: 374, 375, 377, 378, 382,
S28: 395,
S29: 396, 397, 398,
S30:
S31: 401, 402, 404, 405, 406, 407,
S32: 408, 409, 410, 411, 412,
S33: 439, 440, 441, 442, 443,
S34: 444, 445, 446, 447, 448, 449, 450, 451, 452, 453, 454, 455, 456, 460, 466, 467, 472, 473, 476, 477, 478, 479, 488, 489,
S35: 492, 493, 494, 495, 498, 499, 501, 502, 503, 504, 505,
S36: 509, 510, 511, 512,
S37: 513, 514, 515, 519,
S38: 520, 522, 537, 538, 539, 542, 543, 544, 545, 552, 553, 554,
S39: 567,