S0: 5, 7, 8, 9, 11, 12, 13, 14,
S1: 23, 24, 25, 26, 27, 28, 29, 30, 31,
S2: 32, 33, 35,
S3: 38, 39, 40, 41, 42, 43,
S4: 45,
S5: 47, 48, 49, 50, 51, 52, 53, 54, 55, 56, 63,
S6: 66, 67, 70, 71, 72, 73, 75, 76, 77, 87, 88, 89, 92, 93, 98, 99, 100, 101, 106, 107, 108, 109, 110, 111, 112,
S7: 116, 118, 119, 124, 126, 136, 142, 143,
S8: 145, 148, 149, 150, 152, 156, 157, 158, 159, 160, 162,
S9: 163, 167, 169, 170,
S10: 175, 176, 177, 180, 181,
S11: 189, 190, 192, 193, 194,
S12: 195, 196, 197, 199, 200, 201, 207, 208, 209, 210, 211, 213, 214,
S13: 230,
S14: 232, 244,
S15: 250,
S16: 267, 269, 270, 271, 272, 273, 274, 275,
S17: 279, 280, 281, 282, 283, 286, 294,
S18: 300, 301, 303,
S19: 309, 329,
S20:
S21: 310, 311, 314, 317, 318, 320, 321, 323, 331, 332, 333, 334, 337, 338, 339, 340,
S22: 340, 341, 342, 343, 344, 345, 346, 347, 348, 349, 350, 354,
S23: 365, 366,
S24: 369, 370, 371, 372, 373, 374, 375,
S25: 380, 389, 390,
S26: 392, 393, 394,
S27:
S28: 395,
S29: 397, 398,
S30: 432,
S31: 443, 445, 446,
S32: 464, 465, 467,
S33: 475, 476, 477,
S34: 481, 482, 483, 484,
S35: 516, 528,
S36: 503, 504, 515, 516, 517, 518, 519, 520,
S37: 493, 494,
S38: 505, 506, 509, 510,
S39: 537,
S40:
S41: 541, 544, 548, 549, 550, 554,
S42: 559, 560, 561, 562,
S43: 573, 574, 575,
S44: 596, 597, 598, 600, 601, 602, 603, 604,