S0:
S1: 1, 5, 6, 7,
S2: 23, 24, 25, 27, 29, 34, 35, 36, 39, 41,
S3: 54,
S4: 55, 57,
S5: 61, 66, 67, 68, 70,
S6: 68,
S7: 76,
S8: 77, 78, 79,
S9: 80, 81, 82, 83,
S10: 89, 90, 91, 92,
S11:
S12: 96, 97, 98, 99, 100, 101,
S13: 102, 103, 104, 106, 108, 111, 113,
S14:
S15: 114, 115, 116,
S16: 117, 118,
S17: 121, 122,
S18: 124,
S19:
S20: 125,
S21: 127, 128,
S22: 163,
S23: 164, 165, 167,
S24: 168,
S25: 169, 170,
S26: 172, 173,
S27: 194, 195, 196, 197, 198, 200, 200, 202, 203, 204, 214, 215, 217, 218, 219, 221,
S28: 227, 228, 230, 231, 235, 236, 237,
S29:
S30: 240, 241, 242,
S31: 253, 255, 257,
S32: 295, 296, 297, 298, 299, 319, 320, 321, 322,
S33: 326, 327, 328,
S34:
S35:
S36:
S37: 343, 344, 345, 346, 347, 348, 349, 350, 354, 355, 356, 358,
S38: 370, 372, 375, 376, 378, 381,
S39: 393, 394, 395, 399, 400,
S40:
S41: 406, 407, 408, 409, 411,
S42: 412, 413, 414,
S43: 415,
S44: 424, 425, 426, 427, 428, 430, 431, 433,
S45: 436, 437, 438,
S46: 434,
S47: 468, 470, 476, 478,
S48: 480, 481,
S49: 483, 485,
S50: 484,
S51: 515, 516, 517, 518,
S52: 536,
S53: 520, 521, 523,
S54: 524, 525,
S55: 537, 538, 539, 544, 545, 546, 551,
S56: 552,
S57: 585, 586,
S58: 587, 589, 590, 591, 595, 597, 598, 599, 600, 601, 603, 604, 605,
S59: 606, 607, 608, 610,
S60: 612, 624, 625, 626, 628, 632,
S61: 634, 635,
S62: 636, 638,
S63: 639, 640, 641, 642, 644, 645, 646, 647, 648, 649, 651, 652, 653,
S64: 658, 659,
S65: 660,
S66: 662, 663, 664, 665,
S67: 666, 667, 668, 669, 670, 671,
S68: 672, 673, 674, 675,
S69: 676, 677, 678,
S70: 679,
S71: 681, 682, 686, 687, 688, 691, 692,
S72: 697, 698, 699,
S73: 702, 704, 705, 706, 708, 709,
S74: 710,
S75: 714,
S76: 717, 718, 719,
S77: 721, 722, 723, 724, 725,
S78: 735, 741, 742, 743, 744, 745, 746, 747, 748,
S79: 773, 774, 775, 776, 779, 780, 781, 782, 783, 786, 788, 789,
S80: 790, 791, 792, 793, 794, 795, 797, 798, 799, 804, 808, 809,
S81: 812,
S82: 816, 817,
S83: 827,
S84: 827,
S85: 828, 829, 830,
S86: 831,
S87: 834, 835, 836,
S88: 840, 841, 842, 843, 844,
S89: 845, 846, 847,
S90: 851, 853,
S91: 852, 853, 854,
S92: 855, 856, 857, 858,
S93: 860, 861, 862, 863,
S94: 870, 872, 873, 874, 875, 876, 878,
S95: 879, 881,
S96: 882, 883, 884,
S97: 885, 887, 888, 889, 890, 891, 892, 894,
S98: 904, 905, 906,
S99: 912, 913, 914, 921, 922,
S100: